tcp_lat
1 = [0.124]
2 = [0.121, 0.124]
3 = [0.136, 0.135, 0.137]
4 = [0.144, 0.149, 0.149, 0.148]
5 = [0.148, 0.146, 0.152, 0.147, 5.05]
6 = [0.151, 0.149, 0.142, 0.147, 0.147, 0.121]
7 = [0.149, 0.150, 0.152, 0.149, 0.152, 5.9 , 1.54]
8 = [0.152, 0.149, 0.147, 0.146, 0.151, 0.496, 0.402, 1.1]
9 = [0.149, 0.148, 0.150, 0.143, 0.150, 3.4, 7.33, 0.140, 0.132]


tcp_bw
1 = [107]
2 = [46.5, 62.8]
3 = [39.5, 36.4, 33.1]
4 = [20.1, 25, 28.4, 21.8]
5 = [17.8, 24.7, 27.5, 24.4, 18.3]
6 = [16.9, 26, 27.1, 21.8, 28.7, 118]
7 = [23.3, 23.7, 26.4, 21.7, 17.6, 94.5, 110]
8 = [17.2, 30.3, 15.9, 28.3, 21, 52.7, 60.6, 111]
9 = [27.7, 16.5, 19.4, 19.6, 28.8, 58.3, 53.2, 1.04, 3.66]

udp_lat
1 = [108]
2 = [124, 124]
3 = [127, 128, 127]
4 = [137, 142, 141, 140]
5 = [144, 138, 142, 140, 116]
6 = [133, 132, 782, 183, 130, 109]
7 = [142, 143, 144, 141, 145, 122, 114]
8 = [146, 141, 143, 140, 143, 33.3, 27.8,  114]
9 = [141, 144, 139, 145, 137, 135, 348, 144, 145]

udp_bw 
1 = [1.66]
2 = [1.73, 1.7]
3 = [1.6, 1.63, 1.63]
4 = [1.8, 1.63, 1.75, 1.81]
5 = [1.53, 1.79, 1.63, 1.77, 1.65]
6 = [1.69, 1.6, 1.74, 1.95, 1.44, 1.64]
7 = [1.78, 1.7, 1.58, 1.93, 1.64, 1.5, 1.45]
8 = [1.62, 1.57, 1.57, 1,54, 1.88]

